100 1000 1 0.01
100 1000 1 0.05
100 1000 1 0.1
100 1000 1 0.2
100 1000 3 0.01
100 1000 3 0.05
100 1000 3 0.1
100 1000 3 0.2
100 1000 5 0.01
100 1000 5 0.05
100 1000 5 0.1
100 1000 5 0.2
250 1000 1 0.01
250 1000 1 0.05
250 1000 1 0.1
250 1000 1 0.2
250 1000 3 0.01
250 1000 3 0.05
250 1000 3 0.1
250 1000 3 0.2
250 1000 5 0.01
250 1000 5 0.05
250 1000 5 0.1
250 1000 5 0.2
500 1000 1 0.01
500 1000 1 0.05
500 1000 1 0.1
500 1000 1 0.2
500 1000 3 0.01
500 1000 3 0.05
500 1000 3 0.1
500 1000 3 0.2
500 1000 5 0.01
500 1000 5 0.05
500 1000 5 0.1
500 1000 5 0.2
