sample	chr	window	ancestry
1	chr1	1	0.7
1	chr1	2	0.3
1	chr1	3	0
1	chr1	4	0.4
1	chr1	5	0.4
1	chr1	6	0.2
1	chr1	7	0.4
1	chr1	8	0.1
1	chr1	9	0.6
1	chr1	10	0.3
1	chr1	11	0.3
1	chr1	12	1
1	chr1	13	0.2
1	chr1	14	1
1	chr1	15	0.6
1	chr1	16	0
1	chr1	17	0.3
1	chr1	18	0.1
1	chr1	19	0.9
1	chr1	20	0
1	chr1	21	0.1
1	chr1	22	0.6
1	chr1	23	1
1	chr1	24	0.7
1	chr1	25	0.2
1	chr1	26	0
1	chr1	27	0.1
1	chr1	28	0.7
1	chr1	29	0.7
1	chr1	30	0.6
1	chr1	31	0.4
1	chr1	32	0.3
1	chr1	33	0.8
1	chr1	34	0.6
1	chr1	35	0
1	chr1	36	0
1	chr1	37	0.4
1	chr1	38	0.4
1	chr1	39	0.6
1	chr1	40	0.4
1	chr1	41	0.7
1	chr1	42	0
1	chr1	43	0.6
1	chr1	44	0.4
1	chr1	45	0
1	chr1	46	0.8
1	chr1	47	0.6
1	chr1	48	0.2
1	chr1	49	0
1	chr1	50	0.1
1	chr1	51	0.3
1	chr1	52	0.2
1	chr1	53	0.2
1	chr1	54	0.1
1	chr1	55	0
1	chr1	56	0
1	chr1	57	0.5
1	chr1	58	0.3
1	chr1	59	0.4
1	chr1	60	0.3
1	chr1	61	0.2
1	chr1	62	0.4
1	chr1	63	0
1	chr1	64	0.8
1	chr1	65	0.2
1	chr1	66	0.4
1	chr1	67	0.6
1	chr1	68	0.8
1	chr1	69	0.2
1	chr1	70	0.6
1	chr1	71	1
1	chr1	72	1
1	chr1	73	0.7
1	chr1	74	1
1	chr1	75	0.4
1	chr1	76	0
1	chr1	77	0.2
1	chr1	78	0
1	chr1	79	0.2
1	chr1	80	0
1	chr1	81	0.1
1	chr1	82	0.2
1	chr1	83	0.8
1	chr1	84	0.3
1	chr1	85	0
1	chr1	86	0.4
1	chr1	87	0.2
1	chr1	88	0.1
1	chr1	89	0.7
1	chr1	90	0.4
1	chr1	91	0.5
1	chr1	92	0.9
1	chr1	93	0.6
1	chr1	94	0.4
1	chr1	95	0.4
1	chr1	96	0
1	chr1	97	1
1	chr1	98	0.5
1	chr1	99	1
1	chr1	100	1
1	chr1	101	0.1
1	chr1	102	0.2
1	chr1	103	0.2
1	chr1	104	0.6
1	chr1	105	0.9
1	chr1	106	0.4
1	chr1	107	1
1	chr1	108	1
1	chr1	109	1
1	chr1	110	0.8
1	chr1	111	1
1	chr1	112	1
1	chr1	113	0.6
1	chr1	114	0.6
1	chr1	115	0.9
1	chr1	116	1
1	chr1	117	0.8
1	chr1	118	0.8
1	chr1	119	0.4
1	chr1	120	0.4
1	chr1	121	0.2
1	chr1	122	0.2
1	chr1	123	0.4
1	chr1	124	0.1
1	chr1	125	0
1	chr1	126	0.2
1	chr1	127	0.1
1	chr1	128	0.2
1	chr1	129	0.5
1	chr1	130	0.8
1	chr1	131	0.7
1	chr1	132	0.3
1	chr1	133	0.2
1	chr1	134	0.2
1	chr1	135	0.8
1	chr1	136	0.4
1	chr1	137	0.4
1	chr1	138	0
1	chr1	139	0.1
1	chr1	140	1
1	chr1	141	0.8
1	chr1	142	0.3
1	chr1	143	0.4
1	chr1	144	0.6
1	chr1	145	0.5
1	chr1	146	0
1	chr1	147	1
1	chr1	148	0.9
1	chr1	149	0.1
1	chr1	150	0
1	chr1	151	0.2
1	chr1	152	0.2
1	chr1	153	0.4
1	chr1	154	0.7
1	chr1	155	1
1	chr1	156	0.8
1	chr1	157	0.9
1	chr1	158	0.9
1	chr1	159	0.8
1	chr1	160	0.8
1	chr1	161	0.8
1	chr1	162	1
1	chr1	163	0.7
1	chr1	163	0.5
1	chr2	1	0.2
1	chr2	2	0.4
1	chr2	3	0.4
1	chr2	4	0.6
1	chr2	5	0
1	chr2	6	0.2
1	chr2	7	0.1
1	chr2	8	0.8
1	chr2	9	0.3
1	chr2	10	0.3
1	chr2	11	0
1	chr2	12	0
1	chr2	13	0.2
1	chr2	14	0
1	chr2	15	0.2
1	chr2	16	0.5
1	chr2	17	0.1
1	chr2	18	0.2
1	chr2	19	0.5
1	chr2	20	0.6
1	chr2	21	0.8
1	chr2	22	0.6
1	chr2	23	0
1	chr2	24	0
1	chr2	25	0
1	chr2	26	0.1
1	chr2	27	0.6
1	chr2	28	0.6
1	chr2	29	0.2
1	chr2	30	0.2
1	chr2	31	0.7
1	chr2	32	0.3
1	chr2	33	0.8
1	chr2	34	0.8
1	chr2	35	0.8
1	chr2	36	0.6
1	chr2	37	0
1	chr2	38	0.6
1	chr2	39	0.2
1	chr2	40	0.3
1	chr2	41	0.8
1	chr2	42	0.2
1	chr2	43	0.6
1	chr2	44	0.3
1	chr2	45	0
1	chr2	46	0
1	chr2	47	0
1	chr2	48	0
1	chr2	49	0.6
1	chr2	50	0
1	chr2	51	0.5
1	chr2	52	0.6
1	chr2	53	0
1	chr2	54	0
1	chr2	55	0
1	chr2	56	0
1	chr2	57	0
1	chr2	58	0
1	chr2	59	0.6
1	chr2	60	0.2
1	chr2	61	0
1	chr2	62	0
1	chr2	63	0
1	chr2	64	0.2
1	chr2	65	0
1	chr2	66	0.2
1	chr2	67	0.1
1	chr2	68	0.9
1	chr2	69	0.7
1	chr2	70	0.2
1	chr2	71	0
1	chr2	72	0.6
1	chr2	73	0
1	chr2	74	0
1	chr2	75	0.8
1	chr2	76	0.2
1	chr2	77	0.4
1	chr2	78	0.4
1	chr2	79	0.2
1	chr2	80	0.2
1	chr2	81	0.4
1	chr2	82	0.8
1	chr2	83	0.3
1	chr2	84	1
1	chr2	85	0.4
1	chr2	86	0.6
1	chr2	87	0.4
1	chr2	88	0.8
1	chr2	89	0.3
1	chr2	90	1
1	chr2	91	1
1	chr2	92	1
1	chr2	93	1
1	chr2	94	0.8
1	chr2	95	0.4
1	chr2	96	1
1	chr2	97	1
1	chr2	98	0.9
1	chr2	99	0.3
1	chr2	100	0.8
1	chr2	101	1
1	chr2	102	0.8
1	chr2	103	1
1	chr2	104	0.6
1	chr2	105	0.4
1	chr2	106	0
1	chr2	107	0.6
1	chr2	108	1
1	chr2	109	1
1	chr2	110	0.6
1	chr2	111	1
1	chr2	112	0.6
1	chr2	113	0.6
1	chr2	114	1
1	chr2	115	1
1	chr2	116	0.6
1	chr2	117	1
1	chr2	118	1
1	chr2	119	1
1	chr2	120	1
1	chr2	121	1
1	chr2	122	0.8
1	chr2	123	1
1	chr2	124	0.8
1	chr2	125	0.8
1	chr2	126	0.7
1	chr2	127	0.7
1	chr2	128	0.7
1	chr2	129	0.8
1	chr2	130	0.9
1	chr2	131	0.9
1	chr2	132	1
1	chr2	133	1
1	chr2	134	1
1	chr2	135	0
1	chr2	136	0.6
1	chr2	137	1
1	chr2	138	1
1	chr2	139	1
1	chr2	140	0.4
1	chr2	141	0
1	chr2	142	0
1	chr2	143	0.2
1	chr2	144	0.1
1	chr2	145	0.8
1	chr2	146	0.6
1	chr2	147	0.4
1	chr2	148	0.4
1	chr2	149	0.8
1	chr2	150	1
1	chr2	151	0.8
1	chr2	152	0.2
1	chr2	153	0.8
1	chr2	154	0.8
1	chr2	155	0.4
1	chr2	156	0.8
1	chr2	157	0.2
1	chr2	158	0.2
1	chr2	159	0.8
1	chr2	160	0.8
1	chr2	161	0.6
1	chr2	162	0.8
1	chr2	163	0.4
1	chr2	164	0.2
1	chr2	165	0.2
1	chr2	166	0.6
1	chr2	167	0
1	chr2	168	0.2
1	chr2	169	0.7
1	chr2	170	0.4
1	chr2	171	0.2
1	chr2	172	0
1	chr2	173	0
1	chr2	174	0
1	chr2	175	0.8
1	chr2	176	0.2
1	chr2	177	0.6
1	chr2	178	0.6
1	chr2	179	0.6
1	chr2	179	0
1	chr3	1	0
1	chr3	2	0.2
1	chr3	3	0.3
1	chr3	4	0.3
1	chr3	5	1
1	chr3	6	1
1	chr3	7	0.6
1	chr3	8	0
1	chr3	9	0.5
1	chr3	10	0.9
1	chr3	11	0.2
1	chr3	12	0.9
1	chr3	13	0.6
1	chr3	14	0.4
1	chr3	15	0
1	chr3	16	0
1	chr3	17	0.2
1	chr3	18	0.5
1	chr3	19	0.5
1	chr3	20	0.2
1	chr3	21	0.4
1	chr3	22	1
1	chr3	23	0.9
1	chr3	24	1
1	chr3	25	0.4
1	chr3	26	0.5
1	chr3	27	0.2
1	chr3	28	0.3
1	chr3	29	1
1	chr3	30	0.4
1	chr3	31	1
1	chr3	32	1
1	chr3	33	0.4
1	chr3	34	1
1	chr3	35	0.4
1	chr3	36	0.8
1	chr3	37	0.6
1	chr3	38	0.6
1	chr3	39	0
1	chr3	40	0.2
1	chr3	41	0
1	chr3	42	0
1	chr3	43	0
1	chr3	44	0.3
1	chr3	45	0.3
1	chr3	46	0
1	chr3	47	0
1	chr3	48	0.4
1	chr3	49	1
1	chr3	50	0.4
1	chr3	51	0.6
1	chr3	52	0.6
1	chr3	53	0.2
1	chr3	54	0
1	chr3	55	0.5
1	chr3	56	0.2
1	chr3	57	0.9
1	chr3	58	0.8
1	chr3	59	0.6
1	chr3	60	0.2
1	chr3	61	0.2
1	chr3	62	0
1	chr3	63	0
1	chr3	64	1
1	chr3	65	0.6
1	chr3	66	0.4
1	chr3	67	0.4
1	chr3	68	0
1	chr3	69	0.2
1	chr3	70	0
1	chr3	71	0.8
1	chr3	72	0.8
1	chr3	73	0
1	chr3	74	0.2
1	chr3	75	0
1	chr3	76	0.8
1	chr3	77	0.3
1	chr3	78	0.4
1	chr3	79	0.4
1	chr3	80	0
1	chr3	81	0
1	chr3	82	0.2
1	chr3	83	0.7
1	chr3	84	0.5
1	chr3	85	0.8
1	chr3	86	0.6
1	chr3	87	0.8
1	chr3	88	0.5
1	chr3	89	0.3
1	chr3	90	0.7
1	chr3	91	0.8
1	chr3	92	0.8
1	chr3	93	0.7
1	chr3	94	0.2
1	chr3	95	0.8
1	chr3	96	1
1	chr3	97	0.6
1	chr3	98	0.4
1	chr3	99	0.4
1	chr3	100	1
1	chr3	101	1
1	chr3	102	0.8
1	chr3	103	0.4
1	chr3	104	0.4
1	chr3	105	0.6
1	chr3	106	1
1	chr3	107	1
1	chr3	108	1
1	chr3	109	0.9
1	chr3	110	0.2
1	chr3	111	1
1	chr3	112	0.6
1	chr3	113	0.3
1	chr3	114	0.4
1	chr3	115	0.7
1	chr3	116	0.4
1	chr3	117	0.4
1	chr3	118	0
1	chr3	119	0
1	chr3	120	0.4
1	chr3	121	0.8
1	chr3	122	1
1	chr3	123	0.8
1	chr3	124	0.4
1	chr3	125	0.9
1	chr3	126	0.5
1	chr3	127	0.2
1	chr3	128	0.5
1	chr3	129	1
1	chr3	130	0.8
1	chr3	131	0.6
1	chr3	132	1
1	chr3	133	1
1	chr3	134	0.8
1	chr3	135	0.9
1	chr3	136	0.8
1	chr3	137	0
1	chr3	138	0.2
1	chr3	139	0.4
1	chr3	140	1
1	chr3	141	1
1	chr3	142	0.2
1	chr3	143	0.4
1	chr3	144	0.3
1	chr3	145	0.1
1	chr3	146	0.3
1	chr3	147	0
1	chr3	148	0.6
1	chr3	149	0.8
1	chr3	150	0.4
1	chr3	151	0.2
1	chr3	152	0.4
1	chr3	153	0.4
1	chr3	154	0.8
1	chr3	155	0.5
1	chr3	156	0.2
1	chr3	157	0.4
1	chr3	157	0.2
1	chr4	1	0.2
1	chr4	2	0.6
1	chr4	3	0.5
1	chr4	4	0.3
1	chr4	5	0
1	chr4	6	0.4
1	chr4	7	0.2
1	chr4	8	1
1	chr4	9	1
1	chr4	10	0.4
1	chr4	11	0.4
1	chr4	12	0.4
1	chr4	13	0.2
1	chr4	14	1
1	chr4	15	0.5
1	chr4	16	0.4
1	chr4	17	0.6
1	chr4	18	1
1	chr4	19	0.2
1	chr4	20	0.2
1	chr4	21	0.4
1	chr4	22	0.4
1	chr4	23	0.7
1	chr4	24	0.1
1	chr4	25	0
1	chr4	26	0
1	chr4	27	0
1	chr4	28	0.4
1	chr4	29	0.2
1	chr4	30	0
1	chr4	31	0
1	chr4	32	1
1	chr4	33	0.2
1	chr4	34	0
1	chr4	35	0.4
1	chr4	36	0.1
1	chr4	37	0.4
1	chr4	38	0
1	chr4	39	0.3
1	chr4	40	1
1	chr4	41	0
1	chr4	42	0
1	chr4	43	0.6
1	chr4	44	0.4
1	chr4	45	0.8
1	chr4	46	0
1	chr4	47	0.4
1	chr4	48	0
1	chr4	49	0.5
1	chr4	50	0.6
1	chr4	51	0
1	chr4	52	0.2
1	chr4	53	0.6
1	chr4	54	0
1	chr4	55	0
1	chr4	56	0
1	chr4	57	0.8
1	chr4	58	0.4
1	chr4	59	0.6
1	chr4	60	0.8
1	chr4	61	0
1	chr4	62	0.1
1	chr4	63	0.2
1	chr4	64	0.1
1	chr4	65	0
1	chr4	66	0
1	chr4	67	0
1	chr4	68	0.3
1	chr4	69	0.8
1	chr4	70	0
1	chr4	71	0
1	chr4	72	0.2
1	chr4	73	0.2
1	chr4	74	0.3
1	chr4	75	0.3
1	chr4	76	0
1	chr4	77	0.4
1	chr4	78	0.6
1	chr4	79	0.8
1	chr4	80	0.3
1	chr4	81	0
1	chr4	82	0.8
1	chr4	83	0.2
1	chr4	84	0
1	chr4	85	0.2
1	chr4	86	0.2
1	chr4	87	0.4
1	chr4	88	0.3
1	chr4	89	0.4
1	chr4	90	0.2
1	chr4	91	0.2
1	chr4	92	0
1	chr4	93	0.6
1	chr4	94	0.2
1	chr4	95	0.2
1	chr4	96	0.6
1	chr4	97	1
1	chr4	98	1
1	chr4	99	0.6
1	chr4	100	0.3
1	chr4	101	0.9
1	chr4	102	0.2
1	chr4	103	0.8
1	chr4	104	0.5
1	chr4	105	0.6
1	chr4	106	0.6
1	chr4	107	0
1	chr4	108	0.8
1	chr4	109	1
1	chr4	110	0.7
1	chr4	111	0.8
1	chr4	112	0.6
1	chr4	113	0.1
1	chr4	114	0.1
1	chr4	115	0.6
1	chr4	116	0.8
1	chr4	117	0.9
1	chr4	118	1
1	chr4	119	0.2
1	chr4	120	0.2
1	chr4	121	0.2
1	chr4	122	0.8
1	chr4	123	1
1	chr4	124	1
1	chr4	125	1
1	chr4	126	1
1	chr4	127	1
1	chr4	128	1
1	chr4	129	1
1	chr4	130	1
1	chr4	131	1
1	chr4	132	1
1	chr4	133	1
1	chr4	134	1
1	chr4	135	0.6
1	chr4	136	0.7
1	chr4	137	1
1	chr4	138	0.9
1	chr4	139	0.1
1	chr4	140	0.2
1	chr4	141	1
1	chr4	142	1
1	chr4	143	0.6
1	chr4	144	0.4
1	chr4	145	1
1	chr4	146	1
1	chr4	147	1
1	chr4	148	1
1	chr4	149	1
1	chr4	150	1
1	chr4	151	0.7
1	chr4	152	0.3
1	chr4	153	0.6
1	chr4	154	0.8
1	chr4	155	0.4
1	chr4	156	0.9
1	chr4	157	0.6
1	chr4	158	0.5
1	chr4	159	0.6
1	chr4	160	0.7
1	chr4	161	0.3
1	chr4	162	0.3
1	chr4	163	0.5
1	chr4	164	1
1	chr4	165	0.8
1	chr4	166	0.8
1	chr4	167	0.4
1	chr4	168	0.2
1	chr4	169	0.3
1	chr4	170	0.8
1	chr4	171	0.4
1	chr4	172	0.8
1	chr4	173	0.9
1	chr4	174	0.1
1	chr4	175	0.6
1	chr4	176	0.8
1	chr4	177	0.7
1	chr4	178	0.6
1	chr4	179	0
1	chr4	180	0.4
1	chr4	181	0
1	chr4	182	0
1	chr4	183	0.2
1	chr4	184	0.2
1	chr4	185	0.2
1	chr4	186	0.8
1	chr4	187	0.4
1	chr4	188	0.1
1	chr4	189	0
1	chr4	190	0
1	chr4	191	0.9
1	chr4	192	0.2
1	chr4	193	0.3
1	chr4	194	0.4
1	chr4	194	1
1	chr5	1	0.5
1	chr5	2	0.6
1	chr5	3	1
1	chr5	4	0.2
1	chr5	5	0
1	chr5	6	0.2
1	chr5	7	1
1	chr5	8	1
1	chr5	9	1
1	chr5	10	1
1	chr5	11	1
1	chr5	12	0
1	chr5	13	0.6
1	chr5	14	0
1	chr5	15	0.6
1	chr5	16	0.4
1	chr5	17	1
1	chr5	18	0.4
1	chr5	19	1
1	chr5	20	0.8
1	chr5	21	0.8
1	chr5	22	0.8
1	chr5	23	0.2
1	chr5	24	0.2
1	chr5	25	0.1
1	chr5	26	0.2
1	chr5	27	0.7
1	chr5	28	0.9
1	chr5	29	0.2
1	chr5	30	0.2
1	chr5	31	0.8
1	chr5	32	0.5
1	chr5	33	0.9
1	chr5	34	0.2
1	chr5	35	0.2
1	chr5	36	0.3
1	chr5	37	0.8
1	chr5	38	0.7
1	chr5	39	1
1	chr5	40	0.8
1	chr5	41	0.4
1	chr5	42	0.4
1	chr5	43	0.2
1	chr5	44	0.4
1	chr5	45	0.5
1	chr5	46	0.2
1	chr5	47	0.3
1	chr5	48	0.4
1	chr5	49	0.9
1	chr5	50	0.1
1	chr5	51	0
1	chr5	52	0
1	chr5	53	0
1	chr5	54	0
1	chr5	55	0
1	chr5	56	0
1	chr5	57	0
1	chr5	58	0
1	chr5	59	0
1	chr5	60	0
1	chr5	61	0.2
1	chr5	62	0.5
1	chr5	63	0
1	chr5	64	0.7
1	chr5	65	0.2
1	chr5	66	0.7
1	chr5	67	0.2
1	chr5	68	0.5
1	chr5	69	0
1	chr5	70	0
1	chr5	71	0.2
1	chr5	72	0.5
1	chr5	73	0
1	chr5	74	0.6
1	chr5	75	1
1	chr5	76	0.8
1	chr5	77	0.2
1	chr5	78	0.7
1	chr5	79	0
1	chr5	80	0.3
1	chr5	81	0
1	chr5	82	0.8
1	chr5	83	1
1	chr5	84	1
1	chr5	85	1
1	chr5	86	0.9
1	chr5	87	0.8
1	chr5	88	0.8
1	chr5	89	1
1	chr5	90	1
1	chr5	91	1
1	chr5	92	0.8
1	chr5	93	0.2
1	chr5	94	0.4
1	chr5	95	0.6
1	chr5	96	0.4
1	chr5	97	0.6
1	chr5	98	0.6
1	chr5	99	0
1	chr5	100	0.6
1	chr5	101	1
1	chr5	102	0.9
1	chr5	103	0.5
1	chr5	104	0.4
1	chr5	105	0.4
1	chr5	106	0.5
1	chr5	107	0
1	chr5	108	0.6
1	chr5	109	1
1	chr5	110	0.9
1	chr5	111	0.8
1	chr5	112	1
1	chr5	113	1
1	chr5	114	0.8
1	chr5	115	1
1	chr5	116	0.8
1	chr5	117	1
1	chr5	118	0.8
1	chr5	119	1
1	chr5	120	0.8
1	chr5	121	1
1	chr5	122	1
1	chr5	123	0.7
1	chr5	124	1
1	chr5	125	0.6
1	chr5	126	1
1	chr5	127	1
1	chr5	128	1
1	chr5	129	0.6
1	chr5	130	0.6
1	chr5	131	0.6
1	chr5	132	1
1	chr5	133	1
1	chr5	134	1
1	chr5	135	0.9
1	chr5	136	0.8
1	chr5	137	0.2
1	chr5	138	0
1	chr5	139	0.2
1	chr5	140	0.6
1	chr5	141	0
1	chr5	142	0.2
1	chr5	143	0
1	chr5	144	0.4
1	chr5	145	0.3
1	chr5	146	0.8
1	chr5	147	0.1
1	chr5	148	0.5
1	chr5	149	0.6
1	chr5	150	0.4
1	chr5	151	0
1	chr5	152	0
1	chr5	153	0.4
1	chr5	154	0.2
1	chr5	155	0
1	chr5	156	0.2
1	chr5	157	0.4
1	chr5	158	0.6
1	chr5	159	0.2
1	chr5	160	0
1	chr5	161	0.8
1	chr5	162	0.3
1	chr5	163	0.4
1	chr5	164	1
1	chr5	165	0.1
1	chr5	166	0.6
1	chr5	167	0.6
1	chr5	168	0
1	chr5	169	0.9
1	chr5	170	0.8
1	chr5	171	0.8
1	chr5	171	0.5
1	chr6	1	0.2
1	chr6	2	0.6
1	chr6	3	0.2
1	chr6	4	0.7
1	chr6	5	0.2
1	chr6	6	0.8
1	chr6	7	1
1	chr6	8	1
1	chr6	9	0.4
1	chr6	10	0.2
1	chr6	11	0.6
1	chr6	12	0.2
1	chr6	13	0.4
1	chr6	14	0.8
1	chr6	15	0.2
1	chr6	16	0.7
1	chr6	17	0.2
1	chr6	18	0
1	chr6	19	0.5
1	chr6	20	0.1
1	chr6	21	0.2
1	chr6	22	0.1
1	chr6	23	0
1	chr6	24	0
1	chr6	25	0.3
1	chr6	26	0.4
1	chr6	27	0.8
1	chr6	28	0.4
1	chr6	29	0.2
1	chr6	30	0
1	chr6	31	0.6
1	chr6	32	0.8
1	chr6	33	0
1	chr6	34	0.4
1	chr6	35	0.4
1	chr6	36	0
1	chr6	37	0
1	chr6	38	0.2
1	chr6	39	0.1
1	chr6	40	0
1	chr6	41	0.2
1	chr6	42	0
1	chr6	43	0.4
1	chr6	44	0
1	chr6	45	0.4
1	chr6	46	0.2
1	chr6	47	0.2
1	chr6	48	0.6
1	chr6	49	0.6
1	chr6	50	0.2
1	chr6	51	0
1	chr6	52	0.4
1	chr6	53	0.8
1	chr6	54	0.2
1	chr6	55	0
1	chr6	56	0
1	chr6	57	0.3
1	chr6	58	0.7
1	chr6	59	0.1
1	chr6	60	0.5
1	chr6	61	0.8
1	chr6	62	0.6
1	chr6	63	0.5
1	chr6	64	0.6
1	chr6	65	0.2
1	chr6	66	0.8
1	chr6	67	0.2
1	chr6	68	1
1	chr6	69	1
1	chr6	70	0.9
1	chr6	71	0.4
1	chr6	72	1
1	chr6	73	1
1	chr6	74	0.9
1	chr6	75	0.9
1	chr6	76	0.7
1	chr6	77	0.4
1	chr6	78	0.9
1	chr6	79	0.8
1	chr6	80	1
1	chr6	81	0.9
1	chr6	82	1
1	chr6	83	1
1	chr6	84	0.9
1	chr6	85	0.6
1	chr6	86	0.8
1	chr6	87	0.8
1	chr6	88	1
1	chr6	89	1
1	chr6	90	1
1	chr6	91	0.6
1	chr6	92	0
1	chr6	93	1
1	chr6	94	1
1	chr6	95	0.8
1	chr6	96	1
1	chr6	97	0.8
1	chr6	98	0.8
1	chr6	99	0.6
1	chr6	100	0.4
1	chr6	101	0.6
1	chr6	102	0.4
1	chr6	103	0.4
1	chr6	104	0.6
1	chr6	105	1
1	chr6	106	1
1	chr6	107	1
1	chr6	108	1
1	chr6	109	0.6
1	chr6	110	0.4
1	chr6	111	0.2
1	chr6	112	1
1	chr6	113	0.7
1	chr6	114	0.8
1	chr6	115	0.8
1	chr6	116	0.7
1	chr6	117	0.4
1	chr6	118	0.6
1	chr6	119	0.8
1	chr6	120	0.3
1	chr6	121	0.9
1	chr6	122	1
1	chr6	123	0.4
1	chr6	123	0.5
1	chr7	1	1
1	chr7	2	0.2
1	chr7	3	0.6
1	chr7	4	1
1	chr7	5	0.4
1	chr7	6	0.4
1	chr7	7	0.8
1	chr7	8	0.8
1	chr7	9	0.8
1	chr7	10	0.6
1	chr7	11	0.2
1	chr7	12	0.5
1	chr7	13	0.8
1	chr7	14	0
1	chr7	15	0
1	chr7	16	0.6
1	chr7	17	0.2
1	chr7	18	1
1	chr7	19	1
1	chr7	20	0.6
1	chr7	21	0.4
1	chr7	22	0.2
1	chr7	23	0
1	chr7	24	0
1	chr7	25	0.2
1	chr7	26	0.1
1	chr7	27	0.5
1	chr7	28	0
1	chr7	29	0.4
1	chr7	30	0.6
1	chr7	31	0.2
1	chr7	32	0.8
1	chr7	33	0
1	chr7	34	0
1	chr7	35	0
1	chr7	36	0
1	chr7	37	0.6
1	chr7	38	0.2
1	chr7	39	0
1	chr7	40	0
1	chr7	41	0
1	chr7	42	0
1	chr7	43	0
1	chr7	44	0
1	chr7	45	0
1	chr7	46	0.2
1	chr7	47	0.9
1	chr7	48	0.6
1	chr7	49	0
1	chr7	50	0.4
1	chr7	51	0.6
1	chr7	52	1
1	chr7	53	0.2
1	chr7	54	0
1	chr7	55	0.3
1	chr7	56	1
1	chr7	57	0.8
1	chr7	58	0.2
1	chr7	59	0
1	chr7	60	1
1	chr7	61	0.8
1	chr7	62	0.2
1	chr7	63	0.2
1	chr7	64	0.3
1	chr7	65	0.2
1	chr7	66	0.2
1	chr7	67	0.4
1	chr7	68	0.6
1	chr7	69	0.2
1	chr7	70	0.5
1	chr7	71	1
1	chr7	72	1
1	chr7	73	1
1	chr7	74	0.6
1	chr7	75	0.8
1	chr7	76	1
1	chr7	77	1
1	chr7	78	1
1	chr7	79	1
1	chr7	80	0.8
1	chr7	81	1
1	chr7	82	1
1	chr7	83	0.7
1	chr7	84	0.8
1	chr7	85	0.6
1	chr7	86	1
1	chr7	87	0.2
1	chr7	88	0.1
1	chr7	89	0.2
1	chr7	90	0.8
1	chr7	91	0.4
1	chr7	92	0.4
1	chr7	93	0.2
1	chr7	94	0.9
1	chr7	95	0.8
1	chr7	96	1
1	chr7	97	1
1	chr7	98	0.9
1	chr7	99	1
1	chr7	100	0.6
1	chr7	101	0.3
1	chr7	102	0.4
1	chr7	103	0
1	chr7	104	0.7
1	chr7	105	0.6
1	chr7	106	0.4
1	chr7	107	0.2
1	chr7	108	0.4
1	chr7	109	0.9
1	chr7	110	0.4
1	chr7	111	0.4
1	chr7	112	0.4
1	chr7	113	0.8
1	chr7	114	0.6
1	chr7	115	0.8
1	chr7	116	0.8
1	chr7	117	0.7
1	chr7	118	0.8
1	chr7	118	0.833333333333333
1	chr8	1	0.9
1	chr8	2	0.4
1	chr8	3	0.6
1	chr8	4	0
1	chr8	5	0.5
1	chr8	6	0.7
1	chr8	7	0.6
1	chr8	8	0.9
1	chr8	9	0.3
1	chr8	10	0.4
1	chr8	11	0
1	chr8	12	0.6
1	chr8	13	0.9
1	chr8	14	0.4
1	chr8	15	0.7
1	chr8	16	0.3
1	chr8	17	0.7
1	chr8	18	0.4
1	chr8	19	1
1	chr8	20	0
1	chr8	21	0.6
1	chr8	22	0.6
1	chr8	23	0.6
1	chr8	24	0.5
1	chr8	25	0.4
1	chr8	26	0.2
1	chr8	27	0
1	chr8	28	0.4
1	chr8	29	0.6
1	chr8	30	0.2
1	chr8	31	0.2
1	chr8	32	0.6
1	chr8	33	0.6
1	chr8	34	0.4
1	chr8	35	0.2
1	chr8	36	0.4
1	chr8	37	0.5
1	chr8	38	0.2
1	chr8	39	0.1
1	chr8	40	0
1	chr8	41	0.4
1	chr8	42	0
1	chr8	43	0
1	chr8	44	0
1	chr8	45	0
1	chr8	46	0
1	chr8	47	0
1	chr8	48	0
1	chr8	49	0
1	chr8	50	0.4
1	chr8	51	0.6
1	chr8	52	0.8
1	chr8	53	0.2
1	chr8	54	0
1	chr8	55	0
1	chr8	56	0.8
1	chr8	57	1
1	chr8	58	1
1	chr8	59	0.4
1	chr8	60	1
1	chr8	61	0.9
1	chr8	62	0.8
1	chr8	63	1
1	chr8	64	0.4
1	chr8	65	1
1	chr8	66	0.9
1	chr8	67	1
1	chr8	68	0.8
1	chr8	69	0.2
1	chr8	70	0
1	chr8	71	1
1	chr8	72	0.2
1	chr8	73	0.8
1	chr8	74	1
1	chr8	75	0.4
1	chr8	76	1
1	chr8	77	1
1	chr8	78	1
1	chr8	79	0.7
1	chr8	80	1
1	chr8	81	1
1	chr8	82	0.4
1	chr8	83	1
1	chr8	84	1
1	chr8	85	1
1	chr8	86	1
1	chr8	87	0.8
1	chr8	88	1
1	chr8	89	1
1	chr8	90	1
1	chr8	91	0.8
1	chr8	92	0.6
1	chr8	93	0.8
1	chr8	94	0.5
1	chr8	95	0.6
1	chr8	96	0.2
1	chr8	97	0.8
1	chr8	98	0.4
1	chr8	99	0.6
1	chr8	100	0.8
1	chr8	101	0.4
1	chr8	102	0.9
1	chr8	103	0.4
1	chr8	104	0.2
1	chr8	105	0.7
1	chr8	106	0.6
1	chr8	107	0.5
1	chr8	108	0.8
1	chr8	109	0.6
1	chr8	110	0.7
1	chr8	111	0.2
1	chr8	112	0.8
1	chr8	113	1
1	chr8	114	1
1	chr8	115	0.2
1	chr8	116	0.2
1	chr8	117	0.4
1	chr8	118	0.8
1	chr8	119	0.2
1	chr8	120	0.7
1	chr8	121	0.6
1	chr8	122	0.8
1	chr8	123	0
1	chr8	124	0.9
1	chr8	125	0.5
1	chr8	126	0.8
1	chr8	127	0.6
1	chr8	127	1
1	chr9	1	0.4
1	chr9	2	1
1	chr9	3	1
1	chr9	4	1
1	chr9	5	0.8
1	chr9	6	1
1	chr9	7	0.8
1	chr9	8	0.7
1	chr9	9	0.2
1	chr9	10	0.8
1	chr9	11	0.5
1	chr9	12	1
1	chr9	13	0.7
1	chr9	14	0.2
1	chr9	15	0.4
1	chr9	16	0.2
1	chr9	17	0
1	chr9	18	0.1
1	chr9	19	0.2
1	chr9	20	0.8
1	chr9	21	0.8
1	chr9	22	0.4
1	chr9	23	0.1
1	chr9	24	0
1	chr9	25	0
1	chr9	26	0.1
1	chr9	27	0
1	chr9	28	0.4
1	chr9	29	0.3
1	chr9	30	0.5
1	chr9	31	0
1	chr9	32	0
1	chr9	33	0.2
1	chr9	34	0
1	chr9	35	0.2
1	chr9	36	0.1
1	chr9	37	0.7
1	chr9	38	0.8
1	chr9	39	0.4
1	chr9	40	0.6
1	chr9	41	0.6
1	chr9	42	0.2
1	chr9	43	0.4
1	chr9	44	0.5
1	chr9	45	0.5
1	chr9	46	1
1	chr9	47	0.8
1	chr9	48	0.6
1	chr9	49	0.7
1	chr9	50	0.2
1	chr9	51	0
1	chr9	52	0.3
1	chr9	53	0.4
1	chr9	54	1
1	chr9	55	1
1	chr9	56	1
1	chr9	57	1
1	chr9	58	0.8
1	chr9	59	0.4
1	chr9	60	0.3
1	chr9	61	0.4
1	chr9	62	0.2
1	chr9	63	0.2
1	chr9	64	0
1	chr9	65	0
1	chr9	66	0.2
1	chr9	67	0.4
1	chr9	68	0.4
1	chr9	69	0.3
1	chr9	70	0.3
1	chr9	71	0.1
1	chr9	72	0.7
1	chr9	73	1
1	chr9	74	0.4
1	chr9	75	0.6
1	chr9	76	0.6
1	chr9	77	0.2
1	chr9	78	0.6
1	chr9	79	0.6
1	chr9	80	0.6
1	chr9	81	0.2
1	chr9	82	0.8
1	chr9	83	0
1	chr9	84	0
1	chr9	85	0
1	chr9	86	0.6
1	chr9	87	0.4
1	chr9	88	0.4
1	chr9	89	0.4
1	chr9	90	0.4
1	chr9	91	0.6
1	chr9	92	0.2
1	chr9	93	0
1	chr9	94	0.2
1	chr9	95	0
1	chr9	96	0.2
1	chr9	97	0.1
1	chr9	98	0.4
1	chr9	99	0.8
1	chr9	100	0.9
1	chr9	101	0.4
1	chr9	102	0.4
1	chr9	103	0
1	chr9	104	0
1	chr9	105	0.5
1	chr9	106	0
1	chr9	107	0
1	chr9	108	0.3
1	chr9	109	0.4
1	chr9	110	0.6
1	chr9	111	1
1	chr9	112	1
1	chr9	113	0
1	chr9	114	0.4
1	chr9	115	0.6
1	chr9	116	0.3
1	chr9	117	0.2
1	chr9	118	0
1	chr9	119	0.6
1	chr9	120	0.6
1	chr9	121	0.9
1	chr9	122	0.6
1	chr9	123	0.8
1	chr9	124	0.2
1	chr9	125	0.7
1	chr9	126	0.7
1	chr9	127	0.8
1	chr9	128	1
1	chr9	129	1
1	chr9	130	1
1	chr9	131	1
1	chr9	132	1
1	chr9	133	1
1	chr9	134	1
1	chr9	135	1
1	chr9	136	1
1	chr9	137	0.9
1	chr9	138	1
1	chr9	139	0.8
1	chr9	140	1
1	chr9	141	1
1	chr9	142	1
1	chr9	143	0.6
1	chr9	144	0
1	chr9	145	0.6
1	chr9	146	0.8
1	chr9	147	0.6
1	chr9	148	0.2
1	chr9	149	1
1	chr9	150	0.4
1	chr9	151	0
1	chr9	152	0.7
1	chr9	153	1
1	chr9	154	1
1	chr9	155	1
1	chr9	156	0.5
1	chr9	157	0.8
1	chr9	158	0
1	chr9	159	0.3
1	chr9	160	0
1	chr9	161	0.7
1	chr9	162	0.7
1	chr9	163	1
1	chr9	164	0.3
1	chr9	165	0.2
1	chr9	166	0.3
1	chr9	167	1
1	chr9	168	1
1	chr9	169	0.7
1	chr9	170	0.9
1	chr9	171	0.8
1	chr9	172	0.7
1	chr9	173	0.3
1	chr9	174	0.3
1	chr9	175	0.2
1	chr9	176	0.2
1	chr9	177	0.4
1	chr9	178	0.4
1	chr9	179	0
1	chr9	180	0
1	chr9	181	0.6
1	chr9	182	0.4
1	chr9	183	0.4
1	chr9	184	0.8
1	chr9	185	0.8
1	chr9	186	0.8
1	chr9	187	0.6
1	chr9	188	0.6
1	chr9	189	0.6
1	chr9	190	0.1
1	chr9	191	0.8
1	chr9	192	1
1	chr9	193	0.7
1	chr9	193	0
1	chr10	1	0.2
1	chr10	2	0
1	chr10	3	0.3
1	chr10	4	1
1	chr10	5	1
1	chr10	6	0.3
1	chr10	7	0
1	chr10	8	0.8
1	chr10	9	0.6
1	chr10	10	0.6
1	chr10	11	0.9
1	chr10	12	1
1	chr10	13	0.7
1	chr10	14	1
1	chr10	15	0.8
1	chr10	16	0.8
1	chr10	17	0.4
1	chr10	18	0.6
1	chr10	19	0
1	chr10	20	0
1	chr10	21	0.4
1	chr10	22	1
1	chr10	23	0.5
1	chr10	24	0
1	chr10	25	0.6
1	chr10	26	1
1	chr10	27	0.2
1	chr10	28	0.8
1	chr10	29	0.5
1	chr10	30	0.6
1	chr10	31	0.1
1	chr10	32	0.2
1	chr10	33	0.9
1	chr10	34	0.2
1	chr10	35	0.8
1	chr10	36	0.7
1	chr10	37	0.6
1	chr10	38	0.2
1	chr10	39	0.8
1	chr10	40	0.2
1	chr10	41	0.8
1	chr10	42	0.8
1	chr10	43	0.9
1	chr10	44	0.1
1	chr10	45	0
1	chr10	46	0
1	chr10	47	0
1	chr10	48	0.4
1	chr10	49	1
1	chr10	50	0.5
1	chr10	51	0
1	chr10	52	0.4
1	chr10	53	0.4
1	chr10	54	0.2
1	chr10	55	0.9
1	chr10	56	0.9
1	chr10	57	1
1	chr10	58	0.4
1	chr10	59	0.2
1	chr10	60	0.4
1	chr10	61	0.2
1	chr10	62	0
1	chr10	63	0.2
1	chr10	64	0.2
1	chr10	65	0.4
1	chr10	66	1
1	chr10	67	0.4
1	chr10	68	0.1
1	chr10	69	0.1
1	chr10	70	0.8
1	chr10	71	0.9
1	chr10	72	1
1	chr10	73	1
1	chr10	74	0.2
1	chr10	75	0.4
1	chr10	76	0.7
1	chr10	77	1
1	chr10	78	0.4
1	chr10	79	0.8
1	chr10	80	1
1	chr10	81	1
1	chr10	82	1
1	chr10	83	0.7
1	chr10	84	0.4
1	chr10	85	0
1	chr10	86	0.6
1	chr10	87	1
1	chr10	88	0
1	chr10	89	0.4
1	chr10	90	0.2
1	chr10	91	0
1	chr10	92	0.7
1	chr10	93	0.9
1	chr10	94	0.2
1	chr10	95	0.5
1	chr10	96	1
1	chr10	97	0.8
1	chr10	98	1
1	chr10	99	0.8
1	chr10	100	0.2
1	chr10	101	0.4
1	chr10	102	0.6
1	chr10	103	0.7
1	chr10	104	1
1	chr10	105	1
1	chr10	106	0.5
1	chr10	107	1
1	chr10	108	1
1	chr10	109	0.6
1	chr10	110	0.9
1	chr10	111	0.5
1	chr10	112	0.5
1	chr10	113	0.4
1	chr10	114	0.2
1	chr10	115	0.6
1	chr10	116	1
1	chr10	117	0.9
1	chr10	118	0
1	chr10	119	0.7
1	chr10	120	0.7
1	chr10	121	1
1	chr10	122	1
1	chr10	123	1
1	chr10	124	1
1	chr10	125	1
1	chr10	126	1
1	chr10	127	1
1	chr10	128	1
1	chr10	129	0.8
1	chr10	130	0.8
1	chr10	131	1
1	chr10	132	1
1	chr10	133	0.8
1	chr10	134	0.8
1	chr10	135	1
1	chr10	136	1
1	chr10	137	1
1	chr10	138	0.9
1	chr10	139	1
1	chr10	140	1
1	chr10	141	1
1	chr10	142	0.4
1	chr10	143	0.4
1	chr10	144	0.8
1	chr10	145	1
1	chr10	146	0.8
1	chr10	147	0.6
1	chr10	148	0.8
1	chr10	149	0.4
1	chr10	150	0.7
1	chr10	151	0.2
1	chr10	152	0.7
1	chr10	153	0.7
1	chr10	154	0.7
1	chr10	155	0.7
1	chr10	156	0.8
1	chr10	157	1
1	chr10	158	0.7
1	chr10	159	1
1	chr10	160	0.5
1	chr10	161	0.4
1	chr10	162	1
1	chr10	163	0.6
1	chr10	164	0.7
1	chr10	165	0.2
1	chr10	166	0.2
1	chr10	167	0.2
1	chr10	168	0.6
1	chr10	169	0.6
1	chr10	170	0.2
1	chr10	171	0.4
1	chr10	172	0
1	chr10	173	0.4
1	chr10	174	0.3
1	chr10	175	0
1	chr10	176	0.6
1	chr10	177	0.7
1	chr10	178	0.4
1	chr10	179	0.8
1	chr10	180	0.6
1	chr10	181	0.4
1	chr10	182	1
1	chr10	183	0
1	chr10	183	0.8
1	chr11	1	0.6
1	chr11	2	0.8
1	chr11	3	0.4
1	chr11	4	0.8
1	chr11	5	0.4
1	chr11	6	0.8
1	chr11	7	0.9
1	chr11	8	1
1	chr11	9	0.6
1	chr11	10	0.2
1	chr11	11	0
1	chr11	12	0.4
1	chr11	13	0.8
1	chr11	14	0.6
1	chr11	15	1
1	chr11	16	0.7
1	chr11	17	1
1	chr11	18	0.8
1	chr11	19	0.2
1	chr11	20	0
1	chr11	21	0.6
1	chr11	22	0.6
1	chr11	23	0.5
1	chr11	24	0.3
1	chr11	25	0.7
1	chr11	26	0.6
1	chr11	27	1
1	chr11	28	1
1	chr11	29	0.2
1	chr11	30	0
1	chr11	31	1
1	chr11	32	1
1	chr11	33	0.6
1	chr11	34	0.3
1	chr11	35	0.7
1	chr11	36	0
1	chr11	37	0.4
1	chr11	38	0
1	chr11	39	0.4
1	chr11	40	0
1	chr11	41	0.4
1	chr11	42	0.4
1	chr11	43	0.1
1	chr11	44	0.3
1	chr11	45	0.1
1	chr11	46	0
1	chr11	47	0
1	chr11	48	0
1	chr11	49	0.1
1	chr11	50	0
1	chr11	51	0.8
1	chr11	52	0
1	chr11	53	0.1
1	chr11	54	0.1
1	chr11	55	0
1	chr11	56	0
1	chr11	57	0
1	chr11	58	0
1	chr11	59	0.2
1	chr11	60	0.5
1	chr11	61	0.9
1	chr11	62	0
1	chr11	63	0.1
1	chr11	64	0
1	chr11	65	0.1
1	chr11	66	0
1	chr11	67	0.4
1	chr11	68	0.4
1	chr11	69	0
1	chr11	70	0
1	chr11	71	0.4
1	chr11	72	1
1	chr11	73	0.7
1	chr11	74	0.6
1	chr11	75	0.6
1	chr11	76	0.8
1	chr11	77	0.4
1	chr11	78	0
1	chr11	79	0.2
1	chr11	80	0
1	chr11	81	0
1	chr11	82	0.2
1	chr11	83	0
1	chr11	84	0.1
1	chr11	85	0
1	chr11	86	0.2
1	chr11	87	0
1	chr11	88	0.2
1	chr11	89	0.3
1	chr11	90	1
1	chr11	91	0.8
1	chr11	92	0.4
1	chr11	93	0.6
1	chr11	94	0.6
1	chr11	95	1
1	chr11	96	1
1	chr11	97	0.8
1	chr11	98	1
1	chr11	99	1
1	chr11	100	0.8
1	chr11	101	0.4
1	chr11	102	1
1	chr11	103	0.4
1	chr11	104	0.8
1	chr11	105	1
1	chr11	106	1
1	chr11	107	0
1	chr11	108	0
1	chr11	109	0
1	chr11	110	0.3
1	chr11	111	1
1	chr11	112	1
1	chr11	113	1
1	chr11	114	1
1	chr11	115	1
1	chr11	116	1
1	chr11	117	1
1	chr11	118	1
1	chr11	119	0.8
1	chr11	120	0.6
1	chr11	121	1
1	chr11	122	1
1	chr11	123	0.4
1	chr11	124	1
1	chr11	125	0.2
1	chr11	126	0.7
1	chr11	127	0.7
1	chr11	128	0.8
1	chr11	129	1
1	chr11	130	0.8
1	chr11	131	0.9
1	chr11	132	0.6
1	chr11	133	0.3
1	chr11	134	0.5
1	chr11	135	0.4
1	chr11	136	0.8
1	chr11	137	0.5
1	chr11	138	0.8
1	chr11	139	1
1	chr11	140	1
1	chr11	141	1
1	chr11	142	1
1	chr11	143	0.6
1	chr11	144	0.5
1	chr11	145	1
1	chr11	146	1
1	chr11	147	1
1	chr11	148	0.6
1	chr11	149	1
1	chr11	150	0.8
1	chr11	151	0.6
1	chr11	152	0.9
1	chr11	153	0.9
1	chr11	154	0.8
1	chr11	155	1
1	chr11	156	0.4
1	chr11	157	0.4
1	chr11	158	0.7
1	chr11	159	0.7
1	chr11	160	0.8
1	chr11	161	1
1	chr11	162	0.9
1	chr11	163	0.8
1	chr11	164	1
1	chr11	165	0.7
1	chr11	166	0.5
1	chr11	167	0.4
1	chr11	168	0.2
1	chr11	169	0.5
1	chr11	170	0.2
1	chr11	171	1
1	chr11	171	1
1	chr12	1	1
1	chr12	2	1
1	chr12	3	1
1	chr12	4	1
1	chr12	5	0.9
1	chr12	6	0.9
1	chr12	7	0.6
1	chr12	8	0.8
1	chr12	9	0.8
1	chr12	10	0
1	chr12	11	0.8
1	chr12	12	0.6
1	chr12	13	0.3
1	chr12	14	0.2
1	chr12	15	0.6
1	chr12	16	0.1
1	chr12	17	0.2
1	chr12	18	0.6
1	chr12	19	1
1	chr12	20	1
1	chr12	21	1
1	chr12	22	0
1	chr12	23	0
1	chr12	24	0.3
1	chr12	25	0
1	chr12	26	0
1	chr12	27	0.6
1	chr12	28	0
1	chr12	29	0.6
1	chr12	30	0.6
1	chr12	31	0.6
1	chr12	32	0.4
1	chr12	33	0.6
1	chr12	34	0.8
1	chr12	35	0.9
1	chr12	36	0.3
1	chr12	37	0.6
1	chr12	38	0.4
1	chr12	39	0.2
1	chr12	40	0.2
1	chr12	41	0.9
1	chr12	42	0.2
1	chr12	43	0.2
1	chr12	44	0.6
1	chr12	45	0.1
1	chr12	46	0
1	chr12	47	0
1	chr12	48	0
1	chr12	49	0
1	chr12	50	0.2
1	chr12	51	0.6
1	chr12	52	0.8
1	chr12	53	0.1
1	chr12	54	0.2
1	chr12	55	0.4
1	chr12	56	0
1	chr12	57	0.2
1	chr12	58	0.2
1	chr12	59	0.4
1	chr12	60	0.5
1	chr12	61	0.7
1	chr12	62	0.1
1	chr12	63	0.3
1	chr12	64	0
1	chr12	65	0
1	chr12	66	0
1	chr12	67	0.1
1	chr12	68	0.4
1	chr12	69	0.2
1	chr12	70	0.6
1	chr12	71	0.8
1	chr12	72	0.9
1	chr12	73	0.2
1	chr12	74	0
1	chr12	75	0.4
1	chr12	76	0.9
1	chr12	77	1
1	chr12	78	0.8
1	chr12	79	0.5
1	chr12	80	1
1	chr12	81	0.8
1	chr12	82	0.6
1	chr12	83	0.4
1	chr12	84	1
1	chr12	85	0.6
1	chr12	86	0.8
1	chr12	87	1
1	chr12	88	0.8
1	chr12	89	0.6
1	chr12	90	0.6
1	chr12	91	0.2
1	chr12	92	0.6
1	chr12	93	0.4
1	chr12	94	0.2
1	chr12	95	0.4
1	chr12	96	1
1	chr12	97	1
1	chr12	98	1
1	chr12	99	0.9
1	chr12	100	0.9
1	chr12	101	0.8
1	chr12	102	0.4
1	chr12	103	0.6
1	chr12	104	0.4
1	chr12	105	0.8
1	chr12	106	0.6
1	chr12	107	1
1	chr12	108	1
1	chr12	109	0.8
1	chr12	110	0.3
1	chr12	111	0.6
1	chr12	112	0.6
1	chr12	113	0.2
1	chr12	114	0
1	chr12	115	0.2
1	chr12	116	0.6
1	chr12	117	0.3
1	chr12	118	0.8
1	chr12	119	0.4
1	chr12	120	0
1	chr12	121	0.4
1	chr12	122	0
1	chr12	123	0.4
1	chr12	124	0.6
1	chr12	125	0.5
1	chr12	126	0.8
1	chr12	127	0.8
1	chr12	128	0.8
1	chr12	129	0.9
1	chr12	130	0.8
1	chr12	131	0.4
1	chr12	132	0.4
1	chr12	133	0
1	chr12	134	0
1	chr12	135	0.2
1	chr12	136	1
1	chr12	137	1
1	chr12	138	0.9
1	chr12	139	0.6
1	chr12	140	0.4
1	chr12	141	0.5
1	chr12	142	0.2
1	chr12	143	0.4
1	chr12	143	1
1	chr13	1	0.3
1	chr13	2	0.6
1	chr13	3	0.2
1	chr13	4	0.5
1	chr13	5	0.7
1	chr13	6	0.3
1	chr13	7	0.6
1	chr13	8	0.7
1	chr13	9	1
1	chr13	10	0.2
1	chr13	11	0.4
1	chr13	12	0.2
1	chr13	13	0.4
1	chr13	14	0.2
1	chr13	15	0.3
1	chr13	16	0
1	chr13	17	0.2
1	chr13	18	0
1	chr13	19	0.2
1	chr13	20	0.8
1	chr13	21	0
1	chr13	22	0.2
1	chr13	23	0
1	chr13	24	0
1	chr13	25	0
1	chr13	26	0.2
1	chr13	27	0.8
1	chr13	28	1
1	chr13	29	0.6
1	chr13	30	0.7
1	chr13	31	0
1	chr13	32	0.4
1	chr13	33	0
1	chr13	34	0
1	chr13	35	0.2
1	chr13	36	0
1	chr13	37	1
1	chr13	38	0.3
1	chr13	39	0.9
1	chr13	40	0
1	chr13	41	0
1	chr13	42	0.2
1	chr13	43	0.4
1	chr13	44	0.4
1	chr13	45	0
1	chr13	46	0
1	chr13	47	0.2
1	chr13	48	0.4
1	chr13	49	0
1	chr13	50	0
1	chr13	51	0.1
1	chr13	52	0.1
1	chr13	53	0.5
1	chr13	54	0.8
1	chr13	55	0.8
1	chr13	56	0.8
1	chr13	57	0.4
1	chr13	58	0.2
1	chr13	59	0
1	chr13	60	0.2
1	chr13	61	0.6
1	chr13	62	0.7
1	chr13	63	1
1	chr13	64	1
1	chr13	65	0.6
1	chr13	66	0
1	chr13	67	1
1	chr13	68	1
1	chr13	69	0.8
1	chr13	70	0.6
1	chr13	71	0.2
1	chr13	72	0.6
1	chr13	73	0.6
1	chr13	74	0.6
1	chr13	75	0.2
1	chr13	76	0.9
1	chr13	77	1
1	chr13	78	1
1	chr13	79	1
1	chr13	80	1
1	chr13	81	0.9
1	chr13	82	1
1	chr13	83	1
1	chr13	84	0.6
1	chr13	85	1
1	chr13	86	0.8
1	chr13	87	0
1	chr13	88	0.6
1	chr13	89	1
1	chr13	90	1
1	chr13	91	0.8
1	chr13	92	1
1	chr13	93	1
1	chr13	94	1
1	chr13	95	1
1	chr13	96	1
1	chr13	97	1
1	chr13	98	0.6
1	chr13	99	0.6
1	chr13	100	0.8
1	chr13	101	0.8
1	chr13	102	0.8
1	chr13	103	0.4
1	chr13	104	0.2
1	chr13	105	1
1	chr13	106	1
1	chr13	107	0.6
1	chr13	108	0.2
1	chr13	109	0.6
1	chr13	110	1
1	chr13	111	0.3
1	chr13	112	0.6
1	chr13	113	0.4
1	chr13	114	0
1	chr13	115	0
1	chr13	116	0.2
1	chr13	117	0
1	chr13	118	0.8
1	chr13	119	0.5
1	chr13	120	0.2
1	chr13	121	0.1
1	chr13	122	0.3
1	chr13	123	0.6
1	chr13	124	0.4
1	chr13	125	0.6
1	chr13	126	0.4
1	chr13	127	0.6
1	chr13	128	0.6
1	chr13	129	1
1	chr13	130	0.4
1	chr13	131	0.6
1	chr13	132	0
1	chr13	133	0.4
1	chr13	134	0.6
1	chr13	135	1
1	chr13	136	0.6
1	chr13	137	0.6
1	chr13	138	0.2
1	chr13	139	0.2
1	chr13	139	0
1	chr14	1	0.2
1	chr14	2	0.8
1	chr14	3	0.6
1	chr14	4	0.8
1	chr14	5	1
1	chr14	6	0.4
1	chr14	7	0.6
1	chr14	8	0.6
1	chr14	9	0.6
1	chr14	10	0.6
1	chr14	11	0
1	chr14	12	0
1	chr14	13	0
1	chr14	14	0.6
1	chr14	15	0
1	chr14	16	0
1	chr14	17	0
1	chr14	18	0.3
1	chr14	19	0.2
1	chr14	20	0.4
1	chr14	21	0.2
1	chr14	22	0
1	chr14	23	0
1	chr14	24	0
1	chr14	25	0
1	chr14	26	0.8
1	chr14	27	0.5
1	chr14	28	0.8
1	chr14	29	0.2
1	chr14	30	0.4
1	chr14	31	0.9
1	chr14	32	0.2
1	chr14	33	1
1	chr14	34	0.6
1	chr14	35	0.5
1	chr14	36	0.2
1	chr14	37	0
1	chr14	38	0
1	chr14	39	1
1	chr14	40	0.6
1	chr14	41	0.5
1	chr14	42	0.6
1	chr14	43	0.4
1	chr14	44	1
1	chr14	45	0.2
1	chr14	46	0.4
1	chr14	47	0.4
1	chr14	48	0.4
1	chr14	49	0.1
1	chr14	50	0
1	chr14	51	0
1	chr14	52	0
1	chr14	53	0
1	chr14	54	0
1	chr14	55	0
1	chr14	56	0
1	chr14	57	0
1	chr14	58	0
1	chr14	59	0.6
1	chr14	60	0.3
1	chr14	61	0.4
1	chr14	62	0.6
1	chr14	63	0.8
1	chr14	64	0.4
1	chr14	65	0.2
1	chr14	66	0
1	chr14	67	0
1	chr14	68	0.1
1	chr14	69	0.6
1	chr14	70	0.2
1	chr14	71	0
1	chr14	72	0
1	chr14	73	0.6
1	chr14	74	0.6
1	chr14	75	0.8
1	chr14	76	1
1	chr14	77	0.6
1	chr14	78	0.2
1	chr14	79	0.2
1	chr14	80	1
1	chr14	81	0.2
1	chr14	82	0.2
1	chr14	83	0.3
1	chr14	84	0.5
1	chr14	85	0
1	chr14	86	0
1	chr14	87	0.5
1	chr14	88	0
1	chr14	89	0
1	chr14	90	0.4
1	chr14	91	0.4
1	chr14	92	0.8
1	chr14	93	0.7
1	chr14	94	0.5
1	chr14	95	0.4
1	chr14	96	0.4
1	chr14	97	0.2
1	chr14	98	0.3
1	chr14	99	1
1	chr14	100	1
1	chr14	101	1
1	chr14	102	0.8
1	chr14	103	0.2
1	chr14	104	1
1	chr14	105	0.9
1	chr14	106	1
1	chr14	107	1
1	chr14	108	1
1	chr14	109	1
1	chr14	110	1
1	chr14	111	1
1	chr14	112	1
1	chr14	113	0.8
1	chr14	114	1
1	chr14	115	0.9
1	chr14	116	0.8
1	chr14	117	1
1	chr14	118	0.8
1	chr14	119	0.6
1	chr14	120	1
1	chr14	121	0.4
1	chr14	122	0.1
1	chr14	123	0.3
1	chr14	124	0
1	chr14	125	0.4
1	chr14	126	1
1	chr14	127	0.4
1	chr14	128	0.9
1	chr14	129	1
1	chr14	130	0.9
1	chr14	131	0.2
1	chr14	132	0.2
1	chr14	133	0.3
1	chr14	134	0.3
1	chr14	135	0.5
1	chr14	136	0.2
1	chr14	137	0.7
1	chr14	138	1
1	chr14	139	1
1	chr14	140	0.4
1	chr14	141	0.2
1	chr14	142	0.4
1	chr14	143	0.8
1	chr14	144	0.2
1	chr14	145	0.6
1	chr14	146	1
1	chr14	147	0.7
1	chr14	148	0.6
1	chr14	149	0.3
1	chr14	150	0
1	chr14	151	0.2
1	chr14	152	0
1	chr14	153	0.4
1	chr14	154	0.5
1	chr14	155	0.3
1	chr14	156	0.6
1	chr14	157	0.5
1	chr14	158	0.4
1	chr14	159	1
1	chr14	160	0.6
1	chr14	160	0.5
1	chr15	1	0.2
1	chr15	2	0.5
1	chr15	3	1
1	chr15	4	0.4
1	chr15	5	0.6
1	chr15	6	0.8
1	chr15	7	0.2
1	chr15	8	0.5
1	chr15	9	0.7
1	chr15	10	0.2
1	chr15	11	0.2
1	chr15	12	0.4
1	chr15	13	0.2
1	chr15	14	0.7
1	chr15	15	1
1	chr15	16	1
1	chr15	17	1
1	chr15	18	0.6
1	chr15	19	0.6
1	chr15	20	0.3
1	chr15	21	1
1	chr15	22	1
1	chr15	23	0.2
1	chr15	24	0.6
1	chr15	25	0.2
1	chr15	26	0.5
1	chr15	27	0
1	chr15	28	0.3
1	chr15	29	1
1	chr15	30	1
1	chr15	31	0.4
1	chr15	32	0.2
1	chr15	33	0.4
1	chr15	34	0
1	chr15	35	0
1	chr15	36	0.2
1	chr15	37	0.4
1	chr15	38	0
1	chr15	39	0.6
1	chr15	40	0.4
1	chr15	41	0.2
1	chr15	42	0.4
1	chr15	43	0
1	chr15	44	0.2
1	chr15	45	0.2
1	chr15	46	0
1	chr15	47	0.2
1	chr15	48	0.4
1	chr15	49	0
1	chr15	50	0.4
1	chr15	51	0.7
1	chr15	52	0.2
1	chr15	53	0.4
1	chr15	54	0
1	chr15	55	0
1	chr15	56	0
1	chr15	57	0
1	chr15	58	0.2
1	chr15	59	0.3
1	chr15	60	0.2
1	chr15	61	0
1	chr15	62	0.2
1	chr15	63	0.2
1	chr15	64	0.2
1	chr15	65	0
1	chr15	66	0
1	chr15	67	0
1	chr15	68	0.2
1	chr15	69	0
1	chr15	70	0
1	chr15	71	0.1
1	chr15	72	0
1	chr15	73	0.8
1	chr15	74	0.6
1	chr15	75	0
1	chr15	76	0
1	chr15	77	0.4
1	chr15	78	0.8
1	chr15	79	0.2
1	chr15	80	0.6
1	chr15	81	0.8
1	chr15	82	0.8
1	chr15	83	0.8
1	chr15	84	0.8
1	chr15	85	0.6
1	chr15	86	0.2
1	chr15	87	0.9
1	chr15	88	1
1	chr15	89	0.8
1	chr15	90	1
1	chr15	91	0.6
1	chr15	92	1
1	chr15	93	0.9
1	chr15	94	1
1	chr15	95	0.9
1	chr15	96	0.8
1	chr15	97	1
1	chr15	98	0.8
1	chr15	99	0.5
1	chr15	100	0.4
1	chr15	101	0.8
1	chr15	102	1
1	chr15	103	1
1	chr15	104	1
1	chr15	105	1
1	chr15	106	1
1	chr15	107	1
1	chr15	108	1
1	chr15	109	1
1	chr15	110	0.9
1	chr15	111	0.6
1	chr15	112	1
1	chr15	113	1
1	chr15	114	1
1	chr15	115	1
1	chr15	116	1
1	chr15	117	0.8
1	chr15	118	0.5
1	chr15	119	0.8
1	chr15	120	1
1	chr15	121	0.6
1	chr15	122	1
1	chr15	123	0.4
1	chr15	124	0.8
1	chr15	125	0.9
1	chr15	126	0.9
1	chr15	127	0.9
1	chr15	128	1
1	chr15	129	0.6
1	chr15	130	0
1	chr15	131	0.9
1	chr15	132	0.1
1	chr15	133	0.1
1	chr15	134	0.8
1	chr15	135	1
1	chr15	136	1
1	chr15	137	1
1	chr15	138	1
1	chr15	139	1
1	chr15	140	1
1	chr15	141	0.5
1	chr15	142	0.3
1	chr15	143	0.6
1	chr15	144	0.4
1	chr15	145	0.8
1	chr15	146	1
1	chr15	147	0.8
1	chr15	148	0.8
1	chr15	149	0.4
1	chr15	150	0.6
1	chr15	151	0.8
1	chr15	152	0.8
1	chr15	153	0.2
1	chr15	154	0.7
1	chr15	155	1
1	chr15	156	1
1	chr15	157	0.7
1	chr15	158	0.3
1	chr15	159	0
1	chr15	160	0.6
1	chr15	160	0.5
1	chr16	1	0.6
1	chr16	2	0.7
1	chr16	3	0.1
1	chr16	4	0
1	chr16	5	0
1	chr16	6	0
1	chr16	7	0.4
1	chr16	8	0
1	chr16	9	0.8
1	chr16	10	1
1	chr16	11	0.9
1	chr16	12	0.6
1	chr16	13	0
1	chr16	14	0.5
1	chr16	15	0.9
1	chr16	16	0.9
1	chr16	17	1
1	chr16	18	0.6
1	chr16	19	0.6
1	chr16	20	0.4
1	chr16	21	0
1	chr16	22	0
1	chr16	23	0.1
1	chr16	24	0.2
1	chr16	25	0.1
1	chr16	26	1
1	chr16	27	0.4
1	chr16	28	0.5
1	chr16	29	0.4
1	chr16	30	0.6
1	chr16	31	0.6
1	chr16	32	0.2
1	chr16	33	0.2
1	chr16	34	0.1
1	chr16	35	0
1	chr16	36	0.4
1	chr16	37	0.8
1	chr16	38	0.1
1	chr16	39	0.6
1	chr16	40	0.4
1	chr16	41	1
1	chr16	42	0.8
1	chr16	43	0
1	chr16	44	0.2
1	chr16	45	0.2
1	chr16	46	0.5
1	chr16	47	1
1	chr16	48	0.1
1	chr16	49	0.2
1	chr16	50	0.8
1	chr16	51	0.5
1	chr16	52	0
1	chr16	53	0.4
1	chr16	54	1
1	chr16	55	1
1	chr16	56	0.5
1	chr16	57	0.3
1	chr16	58	0.2
1	chr16	59	0
1	chr16	60	0
1	chr16	61	0
1	chr16	62	0.2
1	chr16	63	0.6
1	chr16	64	0
1	chr16	65	0
1	chr16	66	0
1	chr16	67	0.1
1	chr16	68	0
1	chr16	69	0
1	chr16	70	0
1	chr16	71	0
1	chr16	72	0
1	chr16	73	0
1	chr16	74	0
1	chr16	75	0.4
1	chr16	76	0
1	chr16	77	0
1	chr16	78	0
1	chr16	79	0.2
1	chr16	80	0
1	chr16	81	0
1	chr16	82	0
1	chr16	83	0
1	chr16	84	0
1	chr16	85	0
1	chr16	86	0
1	chr16	87	0.2
1	chr16	88	0.2
1	chr16	89	0
1	chr16	90	0.2
1	chr16	91	0
1	chr16	92	0
1	chr16	93	0.4
1	chr16	94	0.2
1	chr16	95	0
1	chr16	96	0
1	chr16	97	0
1	chr16	98	0.4
1	chr16	99	0
1	chr16	100	0.5
1	chr16	101	0.8
1	chr16	102	0.5
1	chr16	103	0.6
1	chr16	104	0.8
1	chr16	105	1
1	chr16	106	0.9
1	chr16	107	0.9
1	chr16	108	0.7
1	chr16	109	0.5
1	chr16	110	0.6
1	chr16	111	0.8
1	chr16	112	0
1	chr16	113	0
1	chr16	114	0.2
1	chr16	115	1
1	chr16	116	0.6
1	chr16	117	1
1	chr16	118	0.2
1	chr16	119	0.6
1	chr16	120	0.6
1	chr16	121	0.2
1	chr16	122	0.5
1	chr16	123	0.6
1	chr16	124	1
1	chr16	125	1
1	chr16	126	1
1	chr16	127	0.6
1	chr16	128	0
1	chr16	129	0
1	chr16	130	0.2
1	chr16	131	1
1	chr16	132	0.6
1	chr16	133	0.4
1	chr16	134	0.4
1	chr16	135	0.8
1	chr16	136	1
1	chr16	137	1
1	chr16	138	1
1	chr16	139	1
1	chr16	140	1
1	chr16	141	0
1	chr16	142	1
1	chr16	143	1
1	chr16	144	1
1	chr16	145	1
1	chr16	146	1
1	chr16	147	1
1	chr16	148	0.9
1	chr16	149	1
1	chr16	150	0.4
1	chr16	151	0.9
1	chr16	152	0.1
1	chr16	153	0.2
1	chr16	154	0.3
1	chr16	155	0.2
1	chr16	156	0.9
1	chr16	157	0.7
1	chr16	158	0.4
1	chr16	159	0.7
1	chr16	160	1
1	chr16	161	0.7
1	chr16	162	0.7
1	chr16	163	0.9
1	chr16	164	1
1	chr16	165	1
1	chr16	166	0.5
1	chr16	167	0.4
1	chr16	168	1
1	chr16	169	1
1	chr16	170	0.4
1	chr16	171	1
1	chr16	172	1
1	chr16	173	0.2
1	chr16	174	0
1	chr16	175	0.2
1	chr16	176	0.3
1	chr16	177	0.8
1	chr16	178	0.9
1	chr16	179	0.6
1	chr16	180	0.6
1	chr16	181	0.8
1	chr16	182	0.2
1	chr16	183	0
1	chr16	184	1
1	chr16	185	0.2
1	chr16	186	0.4
1	chr16	187	0.8
1	chr16	188	0.4
1	chr16	189	1
1	chr16	190	0.2
1	chr16	191	0.2
1	chr16	192	0
1	chr16	193	0.6
1	chr16	194	0.8
1	chr16	195	0.7
1	chr16	196	1
1	chr16	197	0.4
1	chr16	198	0.6
1	chr16	199	0.2
1	chr16	200	0.4
1	chr16	201	0.7
1	chr16	202	0.3
1	chr16	203	0
1	chr16	204	0.2
1	chr16	205	0.6
1	chr16	206	1
1	chr16	207	0.2
1	chr16	207	1
1	chr17	1	0.7
1	chr17	2	0.8
1	chr17	3	0.9
1	chr17	4	0.8
1	chr17	5	1
1	chr17	6	1
1	chr17	7	1
1	chr17	8	0.6
1	chr17	9	0.9
1	chr17	10	0.6
1	chr17	11	0.3
1	chr17	12	0.4
1	chr17	13	1
1	chr17	14	0.6
1	chr17	15	0.8
1	chr17	16	0.8
1	chr17	17	1
1	chr17	18	0.5
1	chr17	19	0.1
1	chr17	20	0
1	chr17	21	0.6
1	chr17	22	0.1
1	chr17	23	0.2
1	chr17	24	0
1	chr17	25	0.4
1	chr17	26	0.5
1	chr17	27	0.1
1	chr17	28	0.2
1	chr17	29	0
1	chr17	30	0
1	chr17	31	0
1	chr17	32	0
1	chr17	33	0.4
1	chr17	34	0.8
1	chr17	35	0
1	chr17	36	0
1	chr17	37	0
1	chr17	38	0
1	chr17	39	0
1	chr17	40	0.2
1	chr17	41	0
1	chr17	42	0.2
1	chr17	43	0.5
1	chr17	44	0.4
1	chr17	45	0.3
1	chr17	46	0.9
1	chr17	47	0.8
1	chr17	48	0.4
1	chr17	49	0.6
1	chr17	50	1
1	chr17	51	0.5
1	chr17	52	0
1	chr17	53	0.6
1	chr17	54	0.4
1	chr17	55	0.6
1	chr17	56	0.8
1	chr17	57	0.4
1	chr17	58	0
1	chr17	59	0.2
1	chr17	60	0
1	chr17	61	0
1	chr17	62	0.4
1	chr17	63	0.2
1	chr17	64	0
1	chr17	65	0
1	chr17	66	0.3
1	chr17	67	0.2
1	chr17	68	0.4
1	chr17	69	0.4
1	chr17	70	0.5
1	chr17	71	0
1	chr17	72	0
1	chr17	73	0.3
1	chr17	74	1
1	chr17	75	0.6
1	chr17	76	0.4
1	chr17	77	0.2
1	chr17	78	0
1	chr17	79	0.5
1	chr17	80	0.2
1	chr17	81	0.2
1	chr17	82	0
1	chr17	83	0
1	chr17	84	0
1	chr17	85	0
1	chr17	86	0
1	chr17	87	0.5
1	chr17	88	0
1	chr17	89	0
1	chr17	90	0
1	chr17	91	0.4
1	chr17	92	0.8
1	chr17	93	0.6
1	chr17	94	0.2
1	chr17	95	0
1	chr17	96	0.2
1	chr17	97	0.6
1	chr17	98	0.6
1	chr17	99	0.3
1	chr17	100	1
1	chr17	101	1
1	chr17	102	1
1	chr17	103	1
1	chr17	104	0.6
1	chr17	105	0.3
1	chr17	106	0.5
1	chr17	107	1
1	chr17	108	0.7
1	chr17	109	1
1	chr17	110	0
1	chr17	111	0.4
1	chr17	112	0
1	chr17	113	0.4
1	chr17	114	0.3
1	chr17	115	0.8
1	chr17	116	0.3
1	chr17	117	0.8
1	chr17	118	0.7
1	chr17	119	1
1	chr17	120	0.9
1	chr17	121	0.8
1	chr17	122	1
1	chr17	123	1
1	chr17	124	0.1
1	chr17	125	0.8
1	chr17	126	1
1	chr17	127	0.8
1	chr17	128	0.2
1	chr17	129	0.8
1	chr17	130	1
1	chr17	131	1
1	chr17	132	0.8
1	chr17	133	0.4
1	chr17	134	1
1	chr17	135	1
1	chr17	136	1
1	chr17	137	1
1	chr17	138	1
1	chr17	139	0.9
1	chr17	140	0.8
1	chr17	141	1
1	chr17	142	0.6
1	chr17	143	0.5
1	chr17	144	0.1
1	chr17	145	0.6
1	chr17	146	1
1	chr17	147	1
1	chr17	148	0.8
1	chr17	149	0.8
1	chr17	150	0.8
1	chr17	151	0
1	chr17	152	0.6
1	chr17	153	0.7
1	chr17	154	0.2
1	chr17	155	0.8
1	chr17	156	0.3
1	chr17	157	0.6
1	chr17	158	1
1	chr17	159	1
1	chr17	160	1
1	chr17	161	1
1	chr17	162	0.4
1	chr17	163	0.4
1	chr17	164	0
1	chr17	165	0
1	chr17	166	0.2
1	chr17	167	1
1	chr17	168	0.8
1	chr17	169	0.4
1	chr17	170	0.2
1	chr17	171	0.8
1	chr17	172	1
1	chr17	173	0.6
1	chr17	174	0.6
1	chr17	175	0.8
1	chr17	176	0.9
1	chr17	177	0.5
1	chr17	178	0.5
1	chr17	179	0.8
1	chr17	180	0.6
1	chr17	181	0.4
1	chr17	182	0.8
1	chr17	183	0
1	chr17	184	0.4
1	chr17	185	0.8
1	chr17	186	1
1	chr17	187	0.4
1	chr17	188	0.8
1	chr17	189	1
1	chr17	190	0.8
1	chr17	191	0.8
1	chr17	192	0.6
1	chr17	193	1
1	chr17	194	0.6
1	chr17	194	0.5